loss:
  horizon_weights:
    10d: 0.027078614708151726
    1d: 0.11231536649679266
    20d: 0.4430868270368261
    5d: 0.41751919175822944
  label_smoothing: 0.02694190653743707
model:
  atft:
    d_ff: 512
    d_model: 128
    dropout: 0.3406767882496947
    n_heads: 12
    n_layers: 6
  fan:
    dropout: 0.3779398289619931
    hidden_dim: 256
    n_frequencies: 64
  gat:
    alpha: 0.01874275954603649
    dropout: 0.24751620423653242
    hidden_dim: 64
    n_heads: 6
    n_layers: 3
train:
  batch_size: 128
  early_stopping_patience: 3
  gradient_clip_val: 1.3532066077469855
  learning_rate: 0.0001528443131920287
  max_epochs: 5
  optimizer: adamw
  scheduler: polynomial
  warmup_steps: 1301
  weight_decay: 2.5912265906765758e-05
